# Created by Octave 4.0.0, Wed Aug 10 02:05:53 2016 PDT <iamthemzi@iamthemzi-server>
# name: v
# type: matrix
# rows: 10
# columns: 10
 0.2237471538846591 0.2669995633089323 0.1139515503817947 0.8556497857106973 0.4435632181382077 0.9248217341348829 0.57010085951581 0.1768544451636827 0.06260794327245049 0.2002185948680527
 0.7372244584191194 0.4100661786314591 0.1555091672628431 0.8399024085766521 0.2764368481093593 0.5604023000145382 0.1931432481805201 0.3698949921408175 0.7639234152379994 0.08037283649239517
 0.2825752534984102 0.9113296367832298 0.44750968798505 0.8305405682386826 0.5960041312164932 0.8823503419372698 0.6316696029565958 0.5166843778154637 0.9227374966709139 0.129076907772106
 0.7426454704503477 0.387295209327145 0.1343300169431154 0.3267634704139903 0.2456561309944524 0.3436640480958339 0.151119807445678 0.9734394580091005 0.4719274634017742 0.7560213781274995
 0.8341288568866542 0.4867444439599581 0.623553719559655 0.1801068715415201 0.8801735877242567 0.9991462482688418 0.9558053347570189 0.4243319009211965 0.5173876736211848 0.1688029953116209
 0.1127389470120943 0.5947455699391998 0.8325844473671359 0.0533162525960396 0.4301302816053708 0.5229896539348716 0.5823354471123783 0.3763732828254259 0.3200832758440187 0.3995208554839488
 0.7272581207407768 0.2027701507610813 0.1202196430028806 0.7611243416603449 0.7197854862756424 0.2580354731490168 0.08422582955495954 0.4631874624467436 0.1193446356752932 0.8221596416939081
 0.4344974465919815 0.8346433967638281 0.3493637483154591 0.7335914699678767 0.2427249165471201 0.391266180469265 0.1173390744266549 0.6010720457555406 0.9504302450966612 0.8139243694370168
 0.9580020843271208 0.142550036267995 0.8288394472375438 0.7304048884881722 0.05479547460430993 0.3756749221795592 0.8358878019224195 0.2105253348438077 0.6418153654259474 0.1299307760588541
 0.9651192608764485 0.2312973754956022 0.8081084134838183 0.1103790322475885 0.8226531271383225 0.6003178642386582 0.1906080801243186 0.94712378173831 0.370336516171783 0.3271000197482513


